-0.371321721495962
-1.35754609754741
-0.226275656854197
-1.14525700805140
0.389620499859273
0.629008745810207
-0.488722913619004
-2.23445604712595
-0.596803987471829
0.785311852442894
-0.395117038426003
0.466558071325380
-1.23557311356956
-1.79754823421647
1.23743866215425
-0.159514272149116
-1.97806222783837
-0.877007899786371
1.79870803060338
1.08554174190268
-1.83690733070680
-0.0370798791333979
-1.34738894819521
0.355799371454155
-0.408225152228011
-0.231274396936539
0.111115741306076
-0.618109700175402
0.155951913951722
-1.80709046532591
0.346226714886496
1.21690898634438
-2.07185645402514
-0.735445386038231
1.71759083704999
-1.48484048476842
-0.123624468264969
1.04080494012091
-1.75100126662749
-0.660996242859983
1.20690174165380
1.29744311332503
0.491159158739889
0.592277402012341
-1.05743191273048
-0.617366937920811
-2.13911322351542
-0.357470559253240
-0.639293218896137
0.0129947872010146