0 0
0 0
-2.25271 -2.25271
-1.475811 -1.475811
-2.296627 -2.29764
-0.7568836 -0.7658601
-2.903205 -3.05652
-1.053655 -1.205027
-1.777685 -2.238709
-0.8124292 -1.179618
-0.3489673 -0.5995214
0 0
-0.513649 -1.291049
-0.9510994 -2.866708
0 0
-0.7427692 -2.58981
-0.6252736 -2.157547
0 0
-0.9327173 -3.39703
0 0
-0.7802069 -3.698713
-0.6858543 -3.873986
-0.2277777 -1.602137
-0.3271088 -3.007758
-0.110893 -1.489544
-0.02930462 -0.6243587
-0.04485846 -3.177726
0 0
0.003811717 -1.452017
-0.04577041 -1.180315
-0.2113827 -0.7082224
-0.07920042 -0.2493858
-0.1394607 -0.3397942
0.3438927 0.5776405
-0.8105819 -1.20914
-1.00072 -1.151705
-0.6861333 -0.6023407
-0.5299799 -0.3613472
-0.6020829 -0.3454685
-0.2552986 -0.1327991
-0.5977616 -0.3005743
-1.142132 -0.5886555
-0.7677168 -0.4232407
0 0
-0.05609691 -0.07395744
-0.1391202 -0.07305145
-0.372538 -0.1963377
-1.056474 -0.5506516
-0.9984225 -0.4591942
-0.8244216 -0.3566742
-0.220865 -0.1035213
0 0
-0.422442 -0.3670931
-0.4684031 -0.5995274
-0.8080184 -1.546574
0 0
-0.1058817 -1.118898
0.05097389 -1.129556
0.2850115 -1.398087
0.8927047 -2.648759
0.8083403 -1.69363
0 0
1.380616 -1.822495
1.035225 -1.103687
2.250061 -1.983285
1.107863 -0.7424831
0.5638242 -0.2831697
2.357409 -0.8027315
1.751168 -0.3833771
1.237322 -0.1312494
3.165701 -0.05114079
0 0
2.503914 0.3175259
1.519299 0.2434731
1.689088 0.2992392
1.593232 0.2772093
0.4804969 0.07822514
1.87549 0.2964258
0.3275394 0.08337498
1.029265 0.250411
0.6972551 0.2677679
0.6243944 0.3257513
0.5491138 0.3816366
0.6993175 0.5720139
0.5932808 0.5823374
1.026499 1.207185
0.946784 1.337767
0.6167412 1.057315
0.5575061 1.230693
1.059425 2.830839
0.6457806 2.600336
0.1153469 0.7422209
0.08149147 1.380849
-0.07250309 1.989937
-0.07873774 0.6530285
-0.5628943 2.993608
-0.4152179 1.774478
-0.4094839 1.587486
-0.1996517 0.7602334
-0.6596088 2.667642
-0.3713131 1.6662
-0.6669521 3.574681
-0.3828168 2.796674
-0.2304077 3.886425
0.04028082 1.862669
0.2300382 2.708727
0.7838249 4.235005
0.7263899 2.372807
0.6027937 1.547503
1.102746 2.235343
1.799047 3.202607
1.238692 1.974491
0.8721828 1.293014
0.7935643 1.136193
0 0
0.7076025 1.078349
1.531827 2.583504
0.5140543 1.052678
0.4230022 1.11385
0.2130747 1.13681
-0.2579451 0.9743333
-0.5764961 0.5729437
-1.750946 1.05269
-0.7802844 0.2655745
0 0
0 0
-1.197398 0.2552271
-1.284039 0.2715468
-1.088321 0.2350688
0 0
-1.408696 0.3034949
-2.241325 0.434196
-2.31334 0.3782034
-0.8600235 0.1029491
-1.030219 0.07940531
0.4600167 -0.00731945
0.02321601 -0.003254414
0.9215951 0.02448559
-1.561815 -0.1526237
-0.618577 -0.08436441
-1.132047 -0.184691
-1.022321 -0.1754999
-0.6160915 -0.1047254
-1.601493 -0.2598166
-0.9858489 -0.1549244
0 0
-0.9942651 -0.2069235
-0.989145 -0.2608657
-1.954818 -0.6992459
-0.4289225 -0.2083659
-1.890533 -1.208031
-1.50559 -1.366562
-0.8122802 -1.006812
-1.474118 -2.514696
-0.4818439 -1.161575
-0.3267676 -1.170456
-0.2491236 -1.60298
-0.2561897 -3.103125
0.01892447 -1.789281
0.1435295 -2.74235
0 0
0.1090109 -1.050795
0.205721 -2.005214
0.2369896 -2.384119
-0.004118681 -0.1335382
0.01433492 -0.1576722
-0.0929758 0.8079201
0.1659498 -1.608291
0 0
0.07142574 -0.8979052
0.06768852 -1.028639
0.06188154 -1.160192
0.07068366 -1.594055
0.01734048 -0.4536808
0.03729165 -1.206791
0.02414435 -1.968753
-0.03604144 -1.389408
-0.1738921 -3.217757
-0.08518398 -1.303816
0 0
-0.05729795 -2.156436
0.01252592 -1.605248
0.143002 -2.458751
0.2181947 -1.771283
0.3963992 -2.381325
0.7802069 -3.332567
0.8119487 -2.792215
0 0
0.7824942 -1.884079
0.8260086 -1.635551
1.553457 -2.613807
0.3869563 -0.5482674
0.4405797 -0.5084991
1.005578 -0.9165049
1.401094 -0.976491
0 0
1.20672 -0.4054546
1.121366 -0.2357244
2.19093 -0.1065016
1.464367 0.1589537
0.9407043 0.2913952
0.7790446 0.486517
0.1832724 0.2976656
0.2673149 0.5115032
0.3015757 1.506138
0 0
-0.1658082 0.6351233
-0.2210259 0.6376028
-0.7754326 1.946115
-0.6984353 1.678848
0 0
-0.8217454 1.836562
-0.5355597 1.181555
-0.6067991 1.367855
-0.2231538 0.5212069
-0.415647 1.01409
-0.6111264 1.529121
-0.1769423 0.4404545
-0.1663506 0.3980398
-0.6656587 1.451683
-0.490123 0.8941889
-0.686264 0.8439422
-1.172727 1.054573
-0.291568 0.2299786
0.0526309 0.004959106
-0.7531285 0.2495289
-1.111317 0.2812386
-0.6664038 0.1256824
-0.8374363 0.1167893
-1.936263 0.1988292
-0.9163886 0.04525185
-1.054403 0.01847744
-1.084607 -0.009977818
-1.157817 -0.04394054
0 0
-1.609272 -0.1460671
-2.311403 -0.2570868
-1.216939 -0.1820683
-1.141709 -0.199008
-1.89169 -0.3390074
-1.240778 -0.1703978
-1.298314 -0.005781651
0.855881 -0.01586676
-2.186573 0.3133893
0 0
-0.9062707 0.2901793
-0.5541265 0.1928449
0 0
-0.616622 0.21106
-0.7472992 0.2402186
-1.471996 0.4274249
-2.501035 0.6151199
-2.513242 0.4820466
-1.433218 0.1788735
-2.25147 0.1583099
0 0
-1.930726 -0.08640289
-1.224065 -0.1230597
-1.169741 -0.2257943
-1.074958 -0.3759623
0.3980875 -0.2529979
-0.2315521 -0.289619
-0.3936768 -1.376426
0.1527309 -2.502882
0.5055904 -0.9905934
0.4975796 -0.4746914
0.7531881 -0.3889084
1.078391 -0.3299475
0 0
0.8504272 -0.1057625
0.964427 -0.07703304
1.43348 -0.05710125
0 0
0.991261 0.05795956
1.341462 0.2020121
0.3628254 0.1063585
1.088941 0.5102634
1.018691 0.6641626
0 0
0.7969618 0.9280324
0.8749843 1.198006
0.5228043 0.7859588
0.5337954 0.8379817
0 0
0.7875085 1.027656
0.4361629 0.4356146
0 0
2.623636 1.195657
1.851648 0.5136728
2.00358 0.2666354
0.9240746 0.0436306
2.04992 -0.05888939
4.13279 -0.4917264
1.930524 -0.3938079
4.396448 -1.193535
2.188555 -0.8757591
1.634651 -0.937593
3.144467 -2.337396
2.134234 -2.209783
0.4163921 -0.5943656
0.549686 -1.335537
0.2882123 -1.425564
-0.121057 -1.435113
-0.8197129 -2.139044
-1.187396 -2.175236
0.0003874302 -0.04489422
0.7620156 0.6005287
0.1718402 0.110364
-1.78473 -0.8004904
-0.8042455 -0.2200603
-0.7702172 -0.09601116
-0.6379306 -0.007200241
-0.5736411 0.04160404
0 0
-1.773673 0.2549887
-0.3781706 0.06444454
0 0
-0.8672684 0.1959562
-0.9824321 0.249505
-1.265714 0.3424644
-0.4862733 0.1283407
-0.8278465 0.1863241
-1.196488 0.1409531
0.8500494 -0.1386642
-0.3730804 -0.05583763
-0.2126455 -0.05874634
-0.430344 -0.1498461
-0.5688399 -0.2179623
-0.4841864 -0.2739191
0 0
-0.5175382 -0.2518177
-1.466447 -0.6581068
-0.6639034 -0.2865076
-1.321828 -0.6208181
-1.368153 -0.7676601
-1.03603 -0.736165
-0.7528663 -0.6480694
-0.9163618 -1.028442
-1.383686 -1.903701
-0.6919682 -1.305747
-0.3806889 -1.053858
-0.1759827 -0.8562326
-0.04969239 -0.8471012
0.08769631 -0.8079529
0.2272487 -0.8327007
0.3117919 -0.6965876
0 0
1.281953 -1.045918
0.7748365 -0.3082037
0.8789659 -0.143981
1.206857 0.1056194
1.182002 0.3534794
0 0
0.5629778 0.4102945
0.3376007 0.342679
0.3590047 0.5278826
0.06107092 0.1364708
0.04812479 0.2976894
0.02819002 1.031637
-0.01468956 0.1330376
-0.07560849 0.2767324
-0.4698575 1.312447
-0.2967358 0.7529736
-0.6744444 1.678586
-0.702101 1.770186
-0.2265692 0.5711794
-0.3941596 0.9613514
-0.9387851 2.183938
-0.8352041 1.807594
-0.5622089 1.084161
-0.7409155 1.278663
-0.5435407 0.7918596
0 0
-1.04292 0.8616447
-1.350296 0.8271456
-0.9024382 0.3720284
-0.3948808 0.103879
-0.4211783 0.0672698
-1.702774 0.1309752
-2.520823 0.06455183
-1.295042 -0.01612902
-0.543952 -0.03026724
-1.582658 -0.1256824
-1.393783 -0.1255512
-1.3906 -0.1340389
-2.127647 -0.2102375
-2.687311 -0.2675056
-1.504469 -0.1491308
0 0
-3.63822 -0.3568649
-2.002287 -0.2014637
-1.683164 -0.1885414
-3.439379 -0.4511595
-1.854157 -0.3195047
-4.801083 -1.012707
-0.8824587 -0.2454519
-2.892065 -1.044154
-1.783061 -0.7561445
-2.200699 -1.105237
-1.698494 -0.9818077
-1.750946 -1.128793
-4.125738 -2.823114
-4.06518 -2.916551
-0.7798672 -0.5694866
-1.963377 -1.433611
-2.297497 -1.663589
-4.799175 -3.488994
-2.635765 -1.968408
-1.79143 -1.401091
0 0
-2.528143 -2.329397
-3.76358 -3.813386
0 0
-1.359177 -1.777983
-1.27573 -1.935053
-1.536465 -2.759933
-0.383997 -0.8402824
-0.8793354 -2.452993
0 0
-0.5970001 -4.043055
-0.09789467 -2.724743
0.09999275 -1.783895
0.3348351 -1.795292
0.4990578 -1.579762
0 0
1.900196 -3.006029
1.238441 -1.480865
1.484108 -1.325703
1.119661 -0.7381439
2.042866 -0.9284973
0 0
1.132679 -0.1307487
2.627802 0.2119064
2.119827 0.616169
0.05135536 0.1013756
0.1749992 0.1460075
-0.08392334 -0.1124382
0.5784035 1.687908
0.09670258 1.025152
-0.04630089 0.6403923
-0.1405239 0.6342411
-0.3531456 1.262474
-0.275898 0.8376598
-0.74687 2.134657
-0.7311344 2.088499
-0.7748604 2.364969
-0.1299858 0.4482746
-0.1936913 0.7918358
-0.3221512 1.612425
-0.1490593 0.9699821
-0.1811028 1.403713
0 0
-0.03442764 0.2907276
-0.07834435 0.2275944
0.05087852 -0.1148701
-0.7688999 0.9813309
-0.647974 0.6158829
-0.4951954 0.3751278
-0.8933544 0.4654884
-0.9478569 0.3528595
