-2.034044 -2.034044
-2.741587 -2.741587
-2.472985 -2.472985
-1.71358 -1.266187
-1.209474 -0.6430686
-0.7194608 -0.2079457
-1.967835 -0.3986627
-1.314807 -0.2497733
-1.214081 -0.2326936
-1.111972 -0.2414808
-1.512599 -0.4531682
-0.05346537 -0.03059059
0.00628233 0.0203535
-1.030302 -0.7957869
-1.116812 -0.662297
-0.7269382 -0.3803304
-1.045847 -0.718429
-0.4887462 -0.5512282
-0.3937006 -1.967806
0.2292991 -1.815611
0.4778981 -1.978195
1.262593 -3.092468
0.3863931 -0.6938219
0.8496642 -1.25134
0.7410884 -1.010787
0.6594896 -0.965035
0.5614519 -1.009536
0.3924012 -0.9062767
0.09580851 -0.5126715
0.1021981 -0.7799864
-0.0169754 0.4638672
-0.0003218651 -0.738883
-0.01635551 -0.5527973
-0.08560419 -2.148771
-0.07071495 -0.9694338
-0.5066752 -3.159642
-0.455308 -1.952004
-0.4336596 -1.811361
-0.1533031 -0.7142782
-0.2400875 -1.447678
-0.1861691 -2.607822
0.09914637 -1.924849
0.4419565 -2.158451
1.449656 -3.962755
0.8257985 -1.398134
1.066047 -1.204967
1.568437 -1.164579
1.937932 -0.6821156
1.358667 0.03890991
0.982739 0.4931927
0.6447709 0.7780552
0.5164713 1.493359
0.1015358 1.120567
-0.1343854 2.129364
-0.5804014 2.869797
-0.2350598 0.6614208
-0.7284328 1.439667
-0.7974058 1.306057
-1.862478 2.897978
-0.2659142 0.54636
-0.9920478 2.489495
-0.2979994 0.9624243
-0.6052375 2.393818
-0.1898646 0.9889364
-0.1761138 1.631308
-0.0671804 1.321936
-0.01040697 1.161885
0.08129478 1.141858
0.2294719 1.22304
0.4337132 1.159286
0.8639395 1.694608
1.005626 1.788521
0.6777853 1.262176
0.3637612 0.930047
0.09465814 1.054227
-0.33755 0.7792354
-0.8742362 0.6352782
-0.9331405 0.1095772
-0.5308092 -0.2020955
-0.7002294 -0.379467
-0.3869832 -0.218308
-1.039416 -0.5366802
-1.644456 -0.6995916
-0.8868575 -0.2701402
-0.1232147 -0.008416176
-0.05527735 0.109458
-0.6516457 0.1521587
-0.8243203 0.4114032
-0.7171392 0.4027247
-1.053643 0.6134033
-2.142274 1.27244
-1.213741 0.7301211
-1.412868 0.8578181

